$ANSIBLE_VAULT;1.1;AES256
64623362383236633136363065333937626663323463613565636166626434366130353536366230
6364336238663662373164656134313366623239373162390a636165373566633464643066663365
39653139666437316438343738616164643233356238343765316563343933343461363135643866
3531303132383337380a356330333538653665313862396636393561666239633936373861393364
63653263653761303063366666326630613332633132386564653135303862386339396231356566
66316461343630633763306262633431653033373937363038323937303534653730366266653764
38316632376466393065656530313765643338396137383564653565383139323866396532613064
36623236313261373363306566623661363266663037626364396639633663333361323236633363
62303330356464363438386565623862653461623830636538643036613065333335356230626232
31623166346365643233333235653832366335386336343764373530663731343033383264616139
62363166353331613632613939643964643931663733666231613764323935376131646433333236
62353262326264333336656337326563356433393766356234373230383937313339386233376437
61356237373433366639313238613864333739333139396162383064656661653063363664363733
37313931373735336339343662616135616566336232336565313935636437336235616230356665
34653435333136373464353934363030313266353039363731396436376234636439353263366261
34333835363139353434343537343633663230366535646338653939336366653838653061343635
36303866383534653562616434613739643233656664326437356137333962373333346263356265
33343363343063363465373334326366653735336161346332626139363930333836643938383930
37376539666138396364623834316137313138346438343262373530653232306331383536343066
38386537313930353930646661383662343563323561643737646561313564653566353231336237
66623132653462626431656664323737386431656565333133303139616533636238626164323262
66383433383361636366613961383736663133353136636337316433643664393263333935333564
64653233353361663036366632303132363564653263386331366461646233666331343738323236
32633661396263376238656265386564663836393131323732333365346465653136373665333732
30303834633837306634626266333731343539336433613962666264323862373461333866353761
34346230666539616465363838626365313737633931383565353865643630303439316237323730
31366435633335643063613865656433383837323836626162663862613634343036613763313135
66386137336239396238303631373336363066366135623462396364326636366630306535346133
66613032656662313165383539323939393661393430613239383138316564346138666534333034
36353265613561616338366339383431613136613135366539613831393165336133353961633161
34396137623932666338613531313431383130383938326536306632666161363338646364356632
64326634643039626335653164306234363733366165313062353735303639373962623234623033
30313565323938303437373536366638363439316564663239376431366365663562623961643433
34643465316436356464346363633432333535316339646163393233316361636138313632663262
31333138363339356533323135633237626561356130643633656262336463353835346565313936
31313637636665666464616232613631326339383236313866303734373835316364373736393536
34316138633939383332366464646234373664326239343162666532373065376563663732366630
32356333663561346333353632393262363764303531373961356164316565353234643434383636
64643936373864303833623533633866666433333939373736393531623732613934353465346461
63386461343966613064373239666337396437656663333631633631353966653264333639333231
35666265623665306132363764373837633565613265656462643361366537653631396234383563
37366238343136653734633061333363386263623630326338376163613733646630373462636361
62343733326133623537613833346238653361356464383530356137316631653330656566633735
62336432613465343436356437633235313435636561646564643735653034303962336238323864
34616237643937623737303161326337343638316530313864323333656539353138386438653861
35373865356263303530316666643438376137396334323131343031633838313637653938616638
30616236643733383962373766623439616365626264356163356636306663316630653036313130
63336361386138373664616137313139373438666632323337326332353264383230623266356363
30346662336666343634393330333235363161613666313265613934663039396232356262353165
37313435383834653734326337646564646432653135646263626638373461376431303261303063
62396334383832613634316633373334346665636361336465323930633436653233343461663863
35393363353437613437636362366431396631323061323939666665633332326333623361613637
39623032376461663839396463663762653031316130386336666562626336623234356534336331
61313838393265316532373832316464343631383333303131663339646361626234623163396362
31333335666664653562323532366262663265633139333262636630353830366531376332306330
62393233373865313330636361303439653330343263323034646338386366643234633831356535
30656231363937396361383838666462306333343633336438616339386564313435626230303234
30343538353235323337313730646134313634323637636361663033373563333538326563363635
32643966386134663161393230336137313766653631623735306135313166653733633965386463
65623135643665376366376563623638353466653761373766383231396539333435343165383662
39316363663464363232646132623039393063616261386639316235393932316262316430383963
62313339656533643733356537616364623930626632643432623939653262323564376463393732
66333132633636646164616264373539663837656233393037343563626161646331383439313234
35383266636261616536636439633563633663653535303739313437656262393132653164333838
32323939366162643131303630643835623335313035393631643733666165626165386339616638
34393632653438353466366339656366356363656638623530626262653333616263336631373233
31643466343234353633363062386132356466616438383936656265316135313362663962636634
66306130653935353939313432376462373766616330636532663361666266323464333662373464
63303632306633376162646136656364323438353761343062653531353433316661336166353631
36643163646332353965636335306234313766343833623837303433396662666335393466623463
63616665656430393733313732343365316533626664383462383136633263643066396232653566
33313565633231323336383462663133363338366537626464313630356465326239663538316231
36336464636264323735373964343263633462643231633330613930653237376366393134306334
36396538373135616462323163376362616531626531356462653031326337623965386335323436
62343564313261353661396235323437633161646235353136326565616365626636356131626432
36353835653331353466653937383930383638336134616564343661303139383039303333393966
61346635623564353964393161316535316662663333663532626538363532383433313835663831
36613432643664303836353630383434643738623235303734386462366438663239353030663166
35663236653965623164303165633362343365613462613233323366376337366437653135663939
39313130306335316337616664356430613732653632626439346163303339376636343463616461
39633336353537613266353433303537616636623232366239396630393534393431363039323337
63626363613933613061376235313563393435643431646564636564343237393634616134386238
33366262373065656334316639653562633335663033326330373866326266333337336134363738
35336331396564663933333364353662316635396263313730353939303039613335623937643363
33643631616330306632386434656165326635383237326230366530396466393536626664326362
30356132643166386432653863346335393338643631363464353335336537336633616131303361
36643464326236633665623935306336313933356266636661353464323663383439306466346434
39396430623165323831663665343336326133333663643931393732626330303639633233303832
62343730373062323833396334306234343837663839613964663665616137396662353434633831
62643330363732313733653935313661356135383535313330316166353036626662626562643165
39373235663761646634616630663333653435363237323130633033353766633464383366613536
34623136353231333539396362363830623834643532303065306332303663303132623166653361
33336130383434656363623030303638353930383133616564326138376530633834343733373631
35656262393237346639386535333333666633633266623537353637343136656263616262393765
62306638393232633161623964653637313032333137373038363263373831336331396639636530
65633731626432613435663666396334656164373834383730643862396133613064393832373963
34633630333530306438313865336433396364636531376264353635303237653864346630643236
33326636393630323164323435363431636638613936386439336462356436343931623963303335
39376337663866613633323630306461363530363864343032393336313830373866633765643732
66663163633435316434626663373738366165646563666633336164346336646331393662363261
64643838343461656238356337653936663532633962326239333466363365393665306333636339
33306362306437326263363231313462613563393835363630303361383939653937376666323839
33646530626236393361666134633834323339313164356539386163613762383066386137613866
35303037306238323139356564356434363635393365613830623734343036366432323032653730
37366339636162613739616262376264376331383433653134663430663161646431646435363664
31383238393161643331303831343732613364363332643439323566663533386234663133613361
30646564393631326234623761643031663830636662316665346632663735336335376435316633
62653337316461656631306533623639376434623432623430353130633838373164383665373462
31636536653935663162666432623466633965323466323365633931636166373538393938663236
64653835333939633262613564663133373561353333306132666238653265316363333939313732
65383730626331336661363266396263633131616561303037373331373265373663666633386165
34316265363730346339376363653461303064313635616335316338656437393336366131636661
33643765623766363431643532626635393837353133303134616366393138613832613231346561
63313639313333313332336331626537656165386665383233656165373562636365643364343539
39623365343637316361616137376431316662323433633238623237613236303765366433313962
31636138323761623138623231383166623565373139346333616663393137633038333331363931
63663331646465656365363136343337653634336163386663616234316535343762666435643433
64623232316237646565303131356136643036643838346537306563363435333831393533373634
65663531656432303263353964363933626461323732666135333234313464376436393039353832
39616530323561613962316338306332376137363362653738656531383933306562613632643539
33356630663339333639373638386262383833653063373739653862333830326231316530623037
30383361343662653738623435306130623134623263366635616132656363316237653831613036
35656562396137633631396661353863333562646235343265656433646635366638386232623633
37613830316261306331363934646662376266306437386339326562643261323038346237626631
38333064376263356539633939373330363037646533306266313864663964663532656265663836
37336362323934303335303463333436356636326666353732646138393131633133386636666265
34383961346537323963346632396230303862366131343966353438613333653634316364616538
35373233633261343534623434373264353237383130623364303933336535343830383938373162
39343834333330663536666336643535626130623236636162383563346464393431643063326666
36633962376164363833366239663162636334336332313338303564663634653335626133653665
61613337393134633433646330303862373763653063633235633438616339363036663530346261
34636436623261333435613237393131646237633135636362373137613339306364376138303132
31343063623239633930653536643233353266396233363837623331383361353766633566666436
65303130623237323864323862623433346666343635633637336264313066383833633032313739
62313437633934653163656363646463323366313536613736613733393661653666623634333765
32633134383764643238363165333666373539333664343237303039643434396666376531336534
34616165326461336532333038396632643762633533396362346637393432663430643661376561
62376662366665373130643064393733373164643936376539316466343965346634613332336633
36336561393131383763323863643962313333343131663030623464313261343533393634366430
33326438366630366338313063336539336439323733303437366339326132346236306538393336
39313737306136383462313231346632323366373161303163346631646334363261373430326562
64623039306130303563383030663032343637643661323836353464363166356363636532656335
38623939363139323337663636666537356162376637313631386138343365373066623834353237
64643439646637313565623736383633643266663434623561626265313663353130656534663064
38376364373331346237666632366437373363616665383763353734303939643730343266656261
33306262663764656630663530323732626365643135376365366361656531613363663934656339
32373465343264323266386336666639383836363137616162613362306530323232353562333735
32323461626336616563303739623638323834303163303839326637313164646462366538353037
36306563656538666138343961653633396165326165643261666135643930626138653533396262
65356636333863613034383637336562313336363463663334316565383266366565643735306433
34646430613132343332623461653064326363326163353633346338643938323135656632396466
36393033323535666131356133633064636230643735643638336238393735666434653733613235
66636262646361396666633634343162363663653061623431663161303264313834396264353134
38306262633636366564313365383439373962343564373961343730333666333066326461383864
33396563633432633231343337663432323765353038356561386132366465396434376535303864
37626633313036306561343766653436663964656635663530333563393339633363336239313435
64633864313662663634303261306366396135343039356533383231373130646238336561386361
31646635623930303039613139393836636538663337326236333563326333636139333530323935
63623432633461386539366539653736623963656534663431626233326530383530376231343339
34666466336665343366306663363134353134353063326435303235333533663738656464613266
62633266383236323933373334303634636533666562323537356162616163663761656230323565
61616665333563363839396533373935333235316130633631373835333239373132333138353765
39663036336564633865323734376433626465383233666561366665363065393537323061616233
34666663376632643030666435373861363231346637356433306635613837363465643465303632
37333037343339653931663336383133656264356236636433373265326662633032303836313466
66636266323230666639313463303738366136333464343038356162656564303434323564636132
33656639656361616637356332313439326336316539633265613735616434343665356236323634
37336435333163633462656336323965333334666631356333383230656134626663613636333132
61333337313435383365626239373066393861383239643830386532396534313132626637636164
64636630373834343865343765626138396462633361353631326236633231623231383932666534
32333263346164373833373434376164643763373933313366333761353363323339656163393130
66363162643661326333313736616335316535396339613664616266616266313539343966363535
66653036626663386335343135313437346239323962386364396531356566366465
